-1.5708 [ -5.63220759e-08, -5.46362031e-08, -5.33555529e-08 ]
-1.53906 [ 0.0199341215, 0.0191084277, 0.0184760056 ]
-1.50733 [ 0.0294814352, 0.0280929264, 0.0270396322 ]
-1.4756 [ 0.0314231478, 0.0301366653, 0.0292114075 ]
-1.44386 [ 0.0247735269, 0.0238112304, 0.0231461618 ]
-1.41213 [ 0.0313435011, 0.0301797315, 0.0294139124 ]
-1.3804 [ 0.0240162201, 0.022872109, 0.0221346654 ]
-1.34866 [ 0.0212020539, 0.0201105364, 0.0193967931 ]
-1.31693 [ 0.0206741858, 0.019328272, 0.0184460171 ]
-1.2852 [ 0.0168321785, 0.015549955, 0.0146918474 ]
-1.25346 [ 0.0177972261, 0.0163734183, 0.0154193975 ]
-1.22173 [ 0.0135397865, 0.0121895242, 0.0112782009 ]
-1.19 [ 0.0139408568, 0.0125115253, 0.0115396343 ]
-1.15826 [ 0.00983165298, 0.00872202776, 0.00795569457 ]
-1.12653 [ 0.0105799856, 0.00925627071, 0.00835310016 ]
-1.0948 [ 0.00930080097, 0.00786478352, 0.00683553424 ]
-1.06306 [ 0.00888052117, 0.00748328865, 0.00646389741 ]
-1.03133 [ 0.00785125792, 0.0067494344, 0.00595416175 ]
-0.999598 [ 0.00790473539, 0.00657590944, 0.00563242147 ]
-0.967864 [ 0.00732828304, 0.00626031775, 0.00549682742 ]
-0.936131 [ 0.00736318249, 0.00586527912, 0.00479951967 ]
-0.904398 [ 0.00794267189, 0.00625577942, 0.00502857473 ]
-0.872665 [ 0.00471552648, 0.00390256126, 0.00331169157 ]
-0.840931 [ 0.00600483594, 0.00491955504, 0.00415982539 ]
-0.809198 [ 0.00640694657, 0.00495084468, 0.00387440366 ]
-0.777465 [ 0.00634679245, 0.0049514831, 0.00379122305 ]
-0.745732 [ 0.00697367359, 0.00521962903, 0.00386753073 ]
-0.713998 [ 0.00402428303, 0.00332062645, 0.00278220093 ]
-0.682265 [ 0.00468605245, 0.00378149818, 0.00303056091 ]
-0.650532 [ 0.00469040871, 0.00371425762, 0.00294222729 ]
-0.618799 [ 0.00483914139, 0.0035587023, 0.00254169037 ]
-0.587065 [ 0.00323823816, 0.00266552391, 0.00222113845 ]
-0.555332 [ 0.00396891125, 0.0031216254, 0.00241676881 ]
-0.523599 [ 0.00431389641, 0.00341684907, 0.00265030237 ]
-0.491866 [ 0.00499118911, 0.00372737856, 0.00266942685 ]
-0.460132 [ 0.00384075916, 0.00297798286, 0.0022442108 ]
-0.428399 [ 0.00523970649, 0.00391125819, 0.00268155034 ]
-0.396666 [ 0.00432598218, 0.00335277105, 0.00241448032 ]
-0.364932 [ 0.00518633518, 0.00383295398, 0.00257913093 ]
-0.333199 [ 0.00414035888, 0.00313503272, 0.00223958935 ]
-0.301466 [ 0.00419271737, 0.00300858356, 0.00202315231 ]
-0.269733 [ 0.00342700421, 0.00272741658, 0.00207791058 ]
-0.237999 [ 0.00620104745, 0.00422068639, 0.00252540992 ]
-0.206266 [ 0.0045117815, 0.0034308699, 0.00236046291 ]
-0.174533 [ 0.00353935151, 0.00279897242, 0.00208609039 ]
-0.1428 [ 0.00426992401, 0.00326943793, 0.00227889442 ]
-0.111066 [ 0.00362527254, 0.00278405775, 0.00197504461 ]
-0.0793331 [ 0.00382375391, 0.00301488722, 0.00221057003 ]
-0.0475998 [ 0.00499882223, 0.00357555971, 0.0023101496 ]
-0.0158666 [ 0.00374580803, 0.00286982907, 0.00201780302 ]
0.0158666 [ 0.00416635629, 0.00317805004, 0.00224192906 ]
0.0475998 [ 0.0043922984, 0.00326056685, 0.00216877856 ]
0.0793331 [ 0.00407785363, 0.00313829025, 0.00219227886 ]
0.111066 [ 0.00372240297, 0.00285687763, 0.00204754644 ]
0.1428 [ 0.00400571991, 0.00295929261, 0.00201896438 ]
0.174533 [ 0.00479690591, 0.00344321714, 0.00221875682 ]
0.206266 [ 0.00388984429, 0.00305184559, 0.00222020107 ]
0.237999 [ 0.0045718099, 0.00338457827, 0.00226620561 ]
0.269733 [ 0.00489605917, 0.00367922243, 0.00253538904 ]
0.301466 [ 0.00383620407, 0.00293097482, 0.00209020241 ]
0.333199 [ 0.00331215071, 0.00261411723, 0.00199975749 ]
0.364933 [ 0.00392414629, 0.00305543025, 0.00223654113 ]
0.396666 [ 0.00372211076, 0.00302414806, 0.00236657285 ]
0.428399 [ 0.00630811648, 0.00457261456, 0.00303631648 ]
0.460132 [ 0.00558060315, 0.00407637609, 0.00275231572 ]
0.491866 [ 0.00425187126, 0.00340912375, 0.00262774434 ]
0.523599 [ 0.00427884981, 0.00333968922, 0.00252402155 ]
0.555332 [ 0.00391181558, 0.00314153591, 0.00247667707 ]
0.587065 [ 0.00556540536, 0.00418680441, 0.00298226881 ]
0.618799 [ 0.0048780106, 0.00383389695, 0.00298653031 ]
0.650532 [ 0.0057495255, 0.00434912788, 0.00320080109 ]
0.682265 [ 0.00617303327, 0.00463476079, 0.00337387854 ]
0.713998 [ 0.00551052997, 0.00437913183, 0.00348568801 ]
0.745732 [ 0.00596348662, 0.00463063875, 0.0035462575 ]
0.777465 [ 0.0055644447, 0.00435535843, 0.00341576338 ]
0.809198 [ 0.00606208807, 0.00479909638, 0.0038467783 ]
0.840931 [ 0.00586842792, 0.00465386407, 0.00370632834 ]
0.872665 [ 0.00623034919, 0.00518338103, 0.00439055357 ]
0.904398 [ 0.00558360992, 0.00483528851, 0.00435246946 ]
0.936131 [ 0.00686881598, 0.00583585771, 0.0051065539 ]
0.967864 [ 0.00662046345, 0.00579592912, 0.00521958712 ]
0.999598 [ 0.00751983467, 0.00628889911, 0.00539405271 ]
1.03133 [ 0.00777244102, 0.00672219042, 0.00599158835 ]
1.06306 [ 0.00869633351, 0.00736885425, 0.00645746337 ]
1.0948 [ 0.0103101078, 0.00881251041, 0.00776850944 ]
1.12653 [ 0.00973911583, 0.00880579464, 0.00817480218 ]
1.15826 [ 0.0123575553, 0.0111495033, 0.0103405574 ]
1.19 [ 0.0146643315, 0.0130386697, 0.0119452085 ]
1.22173 [ 0.0154483439, 0.0140147377, 0.0130750714 ]
1.25346 [ 0.0130853541, 0.0118116578, 0.0109790033 ]
1.2852 [ 0.016568929, 0.0149248708, 0.0138047785 ]
1.31693 [ 0.0146269249, 0.0133703835, 0.0125596747 ]
1.34866 [ 0.0196612366, 0.0181115828, 0.017102275 ]
1.3804 [ 0.0147518255, 0.0133076468, 0.0123338299 ]
1.41213 [ 0.0328307077, 0.0306283664, 0.0291234348 ]
1.44386 [ 0.0251018368, 0.0235139094, 0.0224180501 ]
1.4756 [ 0.0233630445, 0.0212156978, 0.0196404755 ]
1.50733 [ 0.0424294658, 0.0403359346, 0.0388031863 ]
1.53906 [ 0.0336635262, 0.032459572, 0.0315556265 ]
1.5708 [ -2.75041891e-08, -2.60630397e-08, -2.49315093e-08 ]
-1.5708 -4.66066e-08
-1.53906 0.0233362
-1.50733 0.0232335
-1.4756 0.0233062
-1.44386 0.0264919
-1.41213 0.0281783
-1.3804 0.0255366
-1.34866 0.0153184
-1.31693 0.0172911
-1.2852 0.0162385
-1.25346 0.0133485
-1.22173 0.0124799
-1.19 0.0100531
-1.15826 0.0119133
-1.12653 0.00876155
-1.0948 0.00892208
-1.06306 0.00686914
-1.03133 0.00740253
-0.999598 0.00631137
-0.967864 0.00516297
-0.936131 0.00546562
-0.904398 0.00527661
-0.872665 0.00504358
-0.840931 0.00545998
-0.809198 0.00501159
-0.777465 0.0045628
-0.745732 0.00424246
-0.713998 0.00447784
-0.682265 0.00413262
-0.650532 0.00423636
-0.618799 0.00337735
-0.587065 0.00324288
-0.555332 0.00443873
-0.523599 0.00347034
-0.491866 0.00388892
-0.460132 0.00345323
-0.428399 0.00304846
-0.396666 0.00348428
-0.364932 0.00323019
-0.333199 0.00274824
-0.301466 0.00267014
-0.269733 0.00326753
-0.237999 0.0031257
-0.206266 0.00317188
-0.174533 0.00447903
-0.1428 0.00371494
-0.111066 0.00329035
-0.0793331 0.00268678
-0.0475998 0.00274794
-0.0158666 0.00326378
0.0158666 0.00312157
0.0475998 0.00325528
0.0793331 0.0032633
0.111066 0.00388107
0.1428 0.00257948
0.174533 0.00310148
0.206266 0.00291491
0.237999 0.00290926
0.269733 0.00317666
0.301466 0.00325712
0.333199 0.0025811
0.364933 0.0032704
0.396666 0.00374777
0.428399 0.0036487
0.460132 0.0037623
0.491866 0.0035013
0.523599 0.00401151
0.555332 0.00355995
0.587065 0.00325395
0.618799 0.00348569
0.650532 0.00338
0.682265 0.00412569
0.713998 0.00393599
0.745732 0.00328431
0.777465 0.00449029
0.809198 0.00484027
0.840931 0.00484198
0.872665 0.00621462
0.904398 0.00581387
0.936131 0.00671248
0.967864 0.0062388
0.999598 0.00584027
1.03133 0.00784634
1.06306 0.00867548
1.0948 0.00734369
1.12653 0.00792989
1.15826 0.00896224
1.19 0.0106927
1.22173 0.0095191
1.25346 0.0110142
1.2852 0.0137441
1.31693 0.0132979
1.34866 0.0144669
1.3804 0.0182909
1.41213 0.0180558
1.44386 0.0205366
1.4756 0.0330374
1.50733 0.0306339
1.53906 0.020136
1.5708 -2.24298e-08
