-1.5708 [ -3.80419856e-08, -3.17724904e-08, -2.69409188e-08 ]
-1.53906 [ 0.01200487, 0.00866824854, 0.00606462965 ]
-1.50733 [ 0.0330679901, 0.0276931096, 0.0235936437 ]
-1.4756 [ 0.0260467716, 0.0209502354, 0.017098533 ]
-1.44386 [ 0.0263752472, 0.0228018351, 0.0201288834 ]
-1.41213 [ 0.0204940513, 0.0182082336, 0.0165254604 ]
-1.3804 [ 0.0199661665, 0.0171599127, 0.0151491137 ]
-1.34866 [ 0.0160389468, 0.0147650167, 0.0138584627 ]
-1.31693 [ 0.0142463576, 0.0121752145, 0.0106995935 ]
-1.2852 [ 0.0127806151, 0.0103338528, 0.00860225875 ]
-1.25346 [ 0.0154637853, 0.0123090567, 0.0100690909 ]
-1.22173 [ 0.0118113896, 0.00903452188, 0.00705350749 ]
-1.19 [ 0.0120484838, 0.00884655118, 0.00660111429 ]
-1.15826 [ 0.015712034, 0.0108690606, 0.00746363588 ]
-1.12653 [ 0.0116721597, 0.00848586857, 0.00622519152 ]
-1.0948 [ 0.0128807481, 0.00894574448, 0.00617495226 ]
-1.06306 [ 0.0135132065, 0.00925937016, 0.00623806426 ]
-1.03133 [ 0.012899138, 0.00845900271, 0.00537537783 ]
-0.999598 [ 0.0108290119, 0.00724099902, 0.00467907684 ]
-0.967864 [ 0.011438461, 0.00767860143, 0.00489912461 ]
-0.936131 [ 0.0141983656, 0.00905613508, 0.00540482718 ]
-0.904398 [ 0.0124140885, 0.00779190287, 0.00448419945 ]
-0.872665 [ 0.0131730959, 0.00824332424, 0.00462061213 ]
-0.840931 [ 0.0102325259, 0.00648434041, 0.00368826441 ]
-0.809198 [ 0.0135102812, 0.00842812564, 0.00463062245 ]
-0.777465 [ 0.0165271331, 0.010208386, 0.0053230403 ]
-0.745732 [ 0.0134494407, 0.00819166191, 0.00431897957 ]
-0.713998 [ 0.0141461575, 0.00881684013, 0.00464659836 ]
-0.682265 [ 0.0156004895, 0.00948745664, 0.00480170315 ]
-0.650532 [ 0.0123135056, 0.00743352855, 0.00374322105 ]
-0.618799 [ 0.0151995588, 0.00956981163, 0.00497068372 ]
-0.587065 [ 0.0179471541, 0.0108433636, 0.00516652456 ]
-0.555332 [ 0.0119986925, 0.00752859004, 0.00384930405 ]
-0.523599 [ 0.0153134661, 0.00945492927, 0.00465893932 ]
-0.491866 [ 0.0161088798, 0.0097680185, 0.00460080802 ]
-0.460132 [ 0.015709307, 0.00964184105, 0.00462541077 ]
-0.428399 [ 0.013750555, 0.0085973097, 0.00421704212 ]
-0.396666 [ 0.0182191059, 0.011191112, 0.0052409647 ]
-0.364932 [ 0.0159653611, 0.00981637929, 0.00458989572 ]
-0.333199 [ 0.0185554717, 0.0113588367, 0.0052191373 ]
-0.301466 [ 0.0190916173, 0.0117861805, 0.00541669456 ]
-0.269733 [ 0.0148099437, 0.00930349529, 0.00456656283 ]
-0.237999 [ 0.0161729921, 0.0101588611, 0.00489300536 ]
-0.206266 [ 0.0179850049, 0.0109799821, 0.00491369329 ]
-0.174533 [ 0.0191382002, 0.0116586415, 0.00523060514 ]
-0.1428 [ 0.020075541, 0.0123606483, 0.00559996488 ]
-0.111066 [ 0.0178428553, 0.0108639495, 0.0048957332 ]
-0.0793331 [ 0.0145610394, 0.00934110396, 0.00455086259 ]
-0.0475998 [ 0.0187980495, 0.0114059839, 0.00502902549 ]
-0.0158666 [ 0.0185101703, 0.0117342463, 0.00554055721 ]
0.0158666 [ 0.0208067, 0.0129560735, 0.00592587888 ]
0.0475998 [ 0.0189634655, 0.0116416179, 0.00527171651 ]
0.0793331 [ 0.0200509913, 0.0123842005, 0.00559007702 ]
0.111066 [ 0.0194032714, 0.0122180209, 0.00575524801 ]
0.1428 [ 0.0208513867, 0.0128502492, 0.00580143603 ]
0.174533 [ 0.0176234599, 0.0110015301, 0.00516470009 ]
0.206266 [ 0.019873172, 0.0124415439, 0.00580336759 ]
0.237999 [ 0.0200244356, 0.0121031879, 0.00533142546 ]
0.269733 [ 0.0170022864, 0.0104351109, 0.00477864547 ]
0.301466 [ 0.0174677148, 0.0108300317, 0.00514141098 ]
0.333199 [ 0.0180184375, 0.0111549152, 0.00526345614 ]
0.364933 [ 0.0184506681, 0.0114630405, 0.00545583991 ]
0.396666 [ 0.0193999726, 0.0120847989, 0.00574250054 ]
0.428399 [ 0.0172103737, 0.0104756337, 0.0048220274 ]
0.460132 [ 0.0161772054, 0.00984386355, 0.00458932389 ]
0.491866 [ 0.0178094283, 0.010826733, 0.00506235054 ]
0.523599 [ 0.0193499941, 0.0116198612, 0.00535399374 ]
0.555332 [ 0.0154957334, 0.00952701829, 0.00464898394 ]
0.587065 [ 0.0173810702, 0.0103710406, 0.00481661828 ]
0.618799 [ 0.0148763051, 0.00915474724, 0.00457950495 ]
0.650532 [ 0.0144874211, 0.00898087863, 0.00459559727 ]
0.682265 [ 0.0122096501, 0.00753128296, 0.00397223327 ]
0.713998 [ 0.0146810664, 0.00894536823, 0.00456346851 ]
0.745732 [ 0.0142660988, 0.00871561561, 0.00453787623 ]
0.777465 [ 0.015442064, 0.00942425709, 0.00495440373 ]
0.809198 [ 0.0155226868, 0.00946350209, 0.0049965498 ]
0.840931 [ 0.0120048076, 0.00745735457, 0.00413230946 ]
0.872665 [ 0.0125006177, 0.00777106406, 0.00430014264 ]
0.904398 [ 0.0154783847, 0.00976039562, 0.00564123923 ]
0.936131 [ 0.0151964966, 0.00974890869, 0.00576493377 ]
0.967864 [ 0.0156139992, 0.00979149994, 0.00556730572 ]
0.999598 [ 0.0110290153, 0.00740316696, 0.00479163975 ]
1.03133 [ 0.0120780934, 0.00783673301, 0.00485429354 ]
1.06306 [ 0.0131706651, 0.00880676787, 0.00568239251 ]
1.0948 [ 0.0137101933, 0.00927702524, 0.00609925855 ]
1.12653 [ 0.0129676415, 0.00897969678, 0.00616705837 ]
1.15826 [ 0.0149080092, 0.0102310209, 0.00691682193 ]
1.19 [ 0.0158708356, 0.0112852352, 0.00805109646 ]
1.22173 [ 0.0137579609, 0.0106194178, 0.0083971126 ]
1.25346 [ 0.0117934626, 0.00890560821, 0.00689985696 ]
1.2852 [ 0.012773036, 0.00941738766, 0.00705839647 ]
1.31693 [ 0.0126866717, 0.00983479246, 0.00782588124 ]
1.34866 [ 0.0118056759, 0.00949945394, 0.00784623809 ]
1.3804 [ 0.0222985074, 0.0184634775, 0.0156749636 ]
1.41213 [ 0.0218347609, 0.0178147573, 0.0148023674 ]
1.44386 [ 0.0205717981, 0.0150960386, 0.0109282043 ]
1.4756 [ 0.0352740288, 0.0270393565, 0.0207761284 ]
1.50733 [ 0.03365146, 0.0261068176, 0.0203196742 ]
1.53906 [ 0.0185105465, 0.0139388703, 0.0104176914 ]
1.5708 [ -2.21050609e-08, -1.60364344e-08, -1.13666863e-08 ]
-1.5708 -1.12328e-07
-1.53906 0.0131393
-1.50733 0.022007
-1.4756 0.0282698
-1.44386 0.0184897
-1.41213 0.0151289
-1.3804 0.0181615
-1.34866 0.014519
-1.31693 0.0129415
-1.2852 0.0115195
-1.25346 0.0120616
-1.22173 0.0089982
-1.19 0.00967851
-1.15826 0.0100551
-1.12653 0.00861829
-1.0948 0.00957942
-1.06306 0.00967803
-1.03133 0.0096082
-0.999598 0.00951371
-0.967864 0.0114562
-0.936131 0.00926006
-0.904398 0.00780876
-0.872665 0.00898748
-0.840931 0.00745921
-0.809198 0.00896103
-0.777465 0.0102974
-0.745732 0.00941117
-0.713998 0.00955769
-0.682265 0.0117754
-0.650532 0.0112861
-0.618799 0.00746081
-0.587065 0.0103151
-0.555332 0.0115914
-0.523599 0.0095946
-0.491866 0.00989436
-0.460132 0.00985903
-0.428399 0.00871628
-0.396666 0.0128631
-0.364932 0.012824
-0.333199 0.0136877
-0.301466 0.00945676
-0.269733 0.0120169
-0.237999 0.0114039
-0.206266 0.011941
-0.174533 0.0130933
-0.1428 0.0130203
-0.111066 0.0117341
-0.0793331 0.0134826
-0.0475998 0.0122487
-0.0158666 0.0115397
0.0158666 0.012816
0.0475998 0.0105631
0.0793331 0.0109321
0.111066 0.011457
0.1428 0.0132176
0.174533 0.0126382
0.206266 0.0124602
0.237999 0.011796
0.269733 0.01357
0.301466 0.0127809
0.333199 0.00973441
0.364933 0.00965743
0.396666 0.0107914
0.428399 0.0101528
0.460132 0.0131602
0.491866 0.0113115
0.523599 0.00968215
0.555332 0.0120474
0.587065 0.0101874
0.618799 0.0113996
0.650532 0.0112655
0.682265 0.00987553
0.713998 0.0088196
0.745732 0.00968946
0.777465 0.0100699
0.809198 0.00995185
0.840931 0.00964989
0.872665 0.00931236
0.904398 0.0105596
0.936131 0.0101193
0.967864 0.00900927
0.999598 0.00921391
1.03133 0.00885342
1.06306 0.00772717
1.0948 0.00944638
1.12653 0.00896305
1.15826 0.0100412
1.19 0.0113829
1.22173 0.00881176
1.25346 0.012163
1.2852 0.00960593
1.31693 0.0121896
1.34866 0.0171502
1.3804 0.0142182
1.41213 0.0157474
1.44386 0.0234343
1.4756 0.0313144
1.50733 0.0200172
1.53906 0.0145925
1.5708 -3.31043e-08
